268
8109
2591
2594
12938
1582
3361
291
3022
2600
3622
296
3577
441
947
5048
236
1073
959
7327
4472
47
2083
1933
71
1895
271
873
874
880
2965
345
361
1024
4799
5144
457
4798
263
234
6
79
11979
405
406
1450
14500
1247
2574
63
1604
175
16
17
258
2711
2711001
2712
69
2532
1140
3614
2666
4757
255
3018
3019
2992
3576
346
429
1075
1076
3373
3370
3371
3372
3375
3377
100002686
310
1407
1403
1423
10311
10312
6463
1079
409
410
29
408
3384
3382
3308
355
3309
353
3000
785
5943
1212
100000236
1201900
-1
100000045
268801
240
245
243000000
244
509
3069
1387
177
3335
3336
3337
4228
1338
359
49820
1343
174
364
3387
3388
1244
2685
2549
1002
2940
3051
3542
905
272
238
2147483647
247
246
248
360
3515
1191
118
120
126
3943
4140
100000243
2953
5551
382
8489
4709
289
1240
1235
915
4482
139
452
2719
458
143
4605
2489
269
380
2543
3590
14601
1584
3021
425
236000
4880
100000033
6461
1170
2060
290
2598
3378
266
34
3385
3386
99999
2539
2688
239000000
239
100000008
358
2951
3516
351500002
